database\1.jpg,"[3.18309886e-01 3.15060894e-15 8.01485565e-01 1.89968980e-02
 4.68609672e-03 7.72533975e-03 9.12239513e-01 7.24069635e-02
 2.71362343e-03 1.92370580e-02 3.52664088e-02 1.98463294e-03
 6.38147703e-01 1.30338876e-01 1.38381667e-02 6.77075448e-04
 3.48900510e-02 7.85488887e-02 1.18669463e-02 4.61718827e-04
 1.62084489e-01 1.40489099e-01 3.40755608e-02 4.36770479e-03
 2.04697453e-04 3.07021785e-02 1.11665952e-01 3.51460782e-02
 3.39394815e-03 1.10100253e-04 2.60333466e-01 7.61491916e-02
 5.24020868e-02 1.37821222e-02 1.62541504e-03 5.75550244e-05
 6.16508924e-03 1.05354284e-01 6.77541835e-02 1.24232753e-02
 9.52688098e-04 2.93255136e-05 4.46171334e-01 3.63450854e-02
 5.16937111e-02 2.77663582e-02 6.40618039e-03 5.38775375e-04
 1.55959101e-05 5.43965579e-02 5.32469236e-02 9.22093230e-02
 2.98827342e-02 4.10127878e-03 2.93855287e-04 8.12434134e-06
 3.64631385e-01 1.29181874e-01 2.47935062e-02 3.83689504e-02
 1.65235028e-02 2.51443422e-03 1.67453048e-04 4.25085526e-06
 7.73191222e-02 1.99079765e-02 8.69992154e-02 5.21132759e-02
 1.15977381e-02 1.46747822e-03 9.27897425e-05 2.24881068e-06]"
database\10000.jpg,"[0.31830989 0.010439   0.3491385  0.07743544 0.0624286  0.0200916
 0.02451428 0.04475353 0.14112324 0.0820326  0.06740046 0.07935452
 0.07442563 0.08004774 0.2397464  0.06370478 0.03840207 0.12718005
 0.15915794 0.04801781 0.0044441  0.0552848  0.13459309 0.1453401
 0.04541029 0.009092   0.09667033 0.14730299 0.02718351 0.04862266
 0.00305725 0.03258697 0.04487631 0.15232698 0.05481921 0.01312261
 0.02203346 0.07309807 0.10904426 0.05634951 0.07334918 0.04155847
 0.01144733 0.06562214 0.07256014 0.1208545  0.00991665 0.0255328
 0.01989992 0.01953288 0.08342851 0.04172739 0.05281682 0.05156456
 0.04170554 0.02394635 0.01515056 0.06109827 0.06361639 0.11238966
 0.03429009 0.00470421 0.00594177 0.01418887 0.01550543 0.07265915
 0.02579994 0.03645135 0.02674246 0.04140223 0.00860228 0.02446875]"
database\10001.jpg,"[0.31830989 0.00270985 0.70349589 0.00206077 0.04547907 0.00843101
 0.63054743 0.05656391 0.02668936 0.05505845 0.0337595  0.0213556
 0.20950712 0.08956845 0.05153209 0.02032284 0.01939833 0.07547705
 0.028881   0.01881188 0.19808787 0.06028033 0.09624724 0.01801696
 0.02038717 0.04115414 0.07939568 0.05204388 0.00768485 0.02039982
 0.32212711 0.02366626 0.1197809  0.0252898  0.01792397 0.0205521
 0.07594794 0.02800904 0.07771095 0.01615672 0.01813174 0.0204879
 0.16935412 0.0881649  0.0838881  0.04303348 0.01936227 0.017838
 0.02061484 0.0553274  0.05430928 0.083756   0.0494973  0.02052791
 0.01714546 0.02063888 0.04845936 0.0779487  0.02165074 0.06532113
 0.02381844 0.01718685 0.01783307 0.02067253 0.00928888 0.08499014
 0.0544306  0.07528895 0.02765667 0.01441645 0.01806381 0.02067302]"
database\10002.jpg,"[3.18309886e-01 1.00355538e-15 6.20519937e-01 7.21474448e-02
 7.08302976e-04 3.65861498e-03 3.65429746e-01 1.75296445e-01
 2.83174860e-02 1.21797601e-02 2.25048686e-02 6.87513225e-04
 5.35072043e-02 1.30197853e-01 7.70283591e-02 1.54069122e-02
 1.06466179e-02 2.50329318e-02 1.45547232e-02 3.86318167e-03
 2.28827597e-01 5.23117872e-02 7.28907526e-02 4.32351494e-02
 1.04191612e-02 2.69243077e-02 8.23261424e-03 3.25619826e-02
 2.61419575e-03 4.97606864e-03 1.30781617e-01 1.69670189e-01
 9.61508577e-03 4.66610216e-02 2.95288643e-02 7.93424153e-03
 2.36773105e-02 1.38843977e-02 1.20195003e-02 1.94393236e-02
 5.49738994e-03 5.15048738e-03 1.51450541e-02 8.88786459e-02
 9.32842695e-02 9.05433861e-03 3.43115499e-02 2.27636653e-02
 6.44845511e-03 2.62769367e-02 8.38361927e-03 1.62031034e-02
 1.02478448e-02 9.52114787e-03 9.25636655e-03 4.92064585e-03
 8.18034343e-02 6.86876324e-02 6.75288078e-02 5.22816596e-02
 1.57446398e-02 2.72972129e-02 1.89433116e-02 5.43255149e-03
 3.37448156e-02 7.61008547e-04 8.99572630e-03 2.19754457e-02
 9.05867117e-03 2.53709652e-03 1.11582360e-02 4.53432419e-03]"
database\10005.jpg,"[3.18309886e-01 1.69460832e-15 6.80251414e-01 1.19446672e-01
 1.43359557e-02 1.11717741e-02 5.77433313e-01 3.71970705e-01
 4.83093658e-02 4.68551898e-02 3.43389683e-02 9.75963261e-03
 3.41979301e-01 4.97435022e-01 1.92519432e-01 2.09652028e-02
 6.88011459e-02 4.01894798e-02 4.32766415e-02 5.85049545e-03
 2.59233822e-01 3.90343644e-01 3.32223380e-01 1.02544794e-01
 9.21767825e-03 6.86424368e-02 3.91862331e-02 8.76444351e-02
 3.09350439e-02 3.29062957e-03 2.42157542e-01 2.42125137e-01
 3.10624294e-01 2.21829279e-01 5.34337407e-02 4.04255352e-03
 4.09111820e-02 9.52184550e-02 1.08174454e-01 7.49394417e-02
 1.99817612e-02 1.82314370e-03 1.54952253e-01 1.92508620e-01
 1.54434577e-01 2.65306128e-01 1.39677653e-01 2.69597525e-02
 1.76903807e-03 1.88088005e-02 1.59149646e-01 8.95090614e-02
 1.09987100e-01 5.53331352e-02 1.25234138e-02 9.99480880e-04
 8.28886020e-02 1.45846732e-01 4.14257529e-02 1.65518779e-01
 2.09192141e-01 8.21477441e-02 1.32561468e-02 7.76750116e-04
 7.08051082e-02 1.90666873e-01 5.05342536e-02 1.09831414e-01
 9.08452434e-02 3.92844579e-02 7.66894991e-03 5.43119236e-04]"
database\10152.jpg,"[0.31830989 0.00233191 0.63754492 0.03027471 0.02650025 0.02860747
 0.40279139 0.09907876 0.01613176 0.04156517 0.11457694 0.01497066
 0.04031577 0.09796384 0.04499257 0.01177096 0.01517299 0.15544197
 0.04146919 0.00553816 0.23756763 0.00158157 0.07399428 0.03254317
 0.00673332 0.0464448  0.06708775 0.06257254 0.01025584 0.00693452
 0.13543721 0.08966513 0.05494137 0.0644599  0.00886441 0.00756444
 0.07366641 0.07706901 0.03044361 0.02924802 0.00500394 0.00729969
 0.02143164 0.07146424 0.01867623 0.07170961 0.02017552 0.00993355
 0.00736992 0.02177197 0.11626459 0.04268305 0.03589163 0.01197676
 0.00737549 0.00742104 0.07355813 0.0082045  0.08310048 0.03472352
 0.02118852 0.02049743 0.00672737 0.00748786 0.05940756 0.02978731
 0.07352555 0.00665224 0.02523717 0.0135792  0.00628382 0.00747533]"
database\10309.jpg,"[3.18309886e-01 8.92258881e-15 7.76747823e-01 3.02363023e-02
 8.64228364e-03 9.25239972e-03 8.23854466e-01 1.08689615e-01
 6.99212894e-03 3.20788286e-02 3.85005136e-02 2.82807566e-03
 4.95313609e-01 1.77052919e-01 3.36050802e-02 2.16607205e-03
 4.80814009e-02 7.49419826e-02 1.47556563e-02 1.00743126e-03
 3.45873603e-02 1.59101111e-01 7.60962433e-02 1.30849384e-02
 6.92781559e-04 2.37031414e-02 8.88542041e-02 3.58638566e-02
 6.47061776e-03 3.74118453e-04 2.96637430e-01 4.50462654e-02
 1.03941934e-01 3.80087113e-02 4.98194061e-03 2.36382587e-04
 4.04438931e-02 6.64276022e-02 5.15200011e-02 1.97152399e-02
 2.87197897e-03 1.37430215e-04 3.72850198e-01 9.86944449e-02
 8.45327423e-02 6.92317099e-02 1.73161196e-02 1.97187236e-03
 8.44322300e-05 8.82062404e-02 2.51713892e-02 4.25266613e-02
 3.67611735e-02 1.06194829e-02 1.22209840e-03 5.06208056e-05
 2.32424526e-01 1.72898979e-01 2.16863875e-02 8.46305452e-02
 3.81001749e-02 7.97913429e-03 8.03241915e-04 3.08425856e-05
 6.97662427e-02 1.20104448e-02 1.00108689e-02 4.37517448e-02
 2.47276832e-02 5.27353538e-03 5.10898452e-04 1.87706740e-05]"
database\10368.jpg,"[0.31830989 0.00180342 0.43738326 0.05457917 0.01013869 0.00116363
 0.00908732 0.08748546 0.0048898  0.00661288 0.00369242 0.00534763
 0.17225415 0.02150008 0.01837024 0.00597995 0.01072206 0.00837629
 0.01711677 0.02373768 0.01750828 0.07826456 0.03122015 0.022396
 0.01451898 0.01449635 0.01572512 0.0471528  0.09542021 0.01255123
 0.0584798  0.01257043 0.00672248 0.03172862 0.04187951 0.0046738
 0.00603628 0.0036648  0.04792921 0.13536323 0.04373631 0.00391076
 0.02126193 0.0469052  0.02582937 0.02691687 0.03879014 0.01083559
 0.00193312 0.01312724 0.02402814 0.01585402 0.06515956 0.0580656
 0.00587956 0.00144879 0.00364613 0.01259169 0.00590757 0.0144352
 0.01617696 0.0227488  0.00514722 0.00388455 0.00820552 0.01519053
 0.0480567  0.03170912 0.02101251 0.0137194  0.00636155 0.00485548]"
database\10379.jpg,"[3.18309886e-01 6.67179365e-15 6.63880923e-01 8.92494483e-02
 2.87863007e-03 2.10931972e-03 5.26571932e-01 2.34682730e-01
 3.98199420e-02 2.28059296e-02 2.83899257e-02 3.31975930e-03
 1.77358107e-01 2.56904952e-01 1.09385698e-01 2.47413363e-02
 2.81610533e-02 3.18830410e-02 1.97735805e-02 7.00738855e-03
 8.28866334e-02 1.08464305e-01 1.35328296e-01 6.74784144e-02
 1.81516871e-02 2.91983913e-02 5.27895139e-03 4.37641055e-02
 7.00072760e-03 8.73530199e-03 1.56357228e-01 9.11498899e-02
 6.87650716e-02 9.16818395e-02 4.82962167e-02 1.45330692e-02
 4.38099623e-02 1.28045923e-03 1.55107062e-02 3.67439770e-02
 3.50452588e-03 9.26750930e-03 1.35920580e-01 1.73799319e-01
 6.57216094e-02 6.75569412e-02 6.85516344e-02 3.77017768e-02
 1.22283097e-02 3.34455524e-03 2.54045000e-02 1.03315868e-02
 2.33632958e-02 2.58157052e-02 9.73219376e-03 9.16108550e-03
 7.39700636e-02 1.34805430e-01 1.38464284e-01 2.28309413e-02
 6.67539325e-02 5.32269625e-02 3.12421185e-02 1.05963778e-02
 3.33068045e-02 1.48093964e-02 3.18210138e-03 8.95268496e-03
 2.44685315e-02 1.60617033e-02 1.36852109e-02 8.73225035e-03]"
database\10414.jpg,"[0.31830989 0.00081799 0.70971515 0.003595   0.01595618 0.01229941
 0.62235703 0.03338002 0.01785665 0.00837196 0.07576025 0.00999032
 0.18693428 0.05943583 0.04261844 0.01274464 0.0136063  0.13766788
 0.00673391 0.0095145  0.22058346 0.05150662 0.08203556 0.02179651
 0.01155812 0.01471055 0.13017178 0.01356976 0.00543814 0.0109986
 0.3351529  0.00792516 0.09544494 0.04728201 0.01073342 0.01171314
 0.01196001 0.03235868 0.02315506 0.02492239 0.00562517 0.01150394
 0.17217589 0.07085117 0.05873517 0.070915   0.0166873  0.0105598
 0.01180977 0.02024328 0.0890995  0.02426333 0.04609999 0.01072447
 0.00700979 0.01182689 0.06346623 0.07803088 0.02223165 0.06718262
 0.0232035  0.01805102 0.00922953 0.01198707 0.00949517 0.13587791
 0.00850784 0.04892576 0.02537911 0.00453922 0.00805837 0.01204652]"
database\10456.jpg,"[3.18309886e-01 2.71984379e-15 7.60468360e-01 5.55212058e-02
 1.18811519e-02 7.50535507e-03 7.83300862e-01 1.93579401e-01
 1.50982143e-02 3.88984722e-02 2.44746177e-02 4.74095449e-03
 4.80618496e-01 3.03673047e-01 6.84093950e-02 5.01122523e-03
 4.53103608e-02 2.99531778e-02 2.19381560e-02 2.34744144e-03
 1.14077017e-01 2.66903883e-01 1.42896390e-01 2.77132460e-02
 1.85813518e-03 7.94200807e-03 1.30420758e-02 4.52117799e-02
 1.35177474e-02 1.09137680e-03 1.28295173e-01 9.31012472e-02
 1.74521642e-01 7.17942697e-02 1.19905534e-02 7.54899517e-04
 5.77610705e-02 2.06042620e-02 5.22695171e-02 3.59445282e-02
 7.42815926e-03 5.00747022e-04 2.16575146e-01 1.07295048e-01
 1.15774249e-01 1.12723973e-01 3.64448060e-02 5.54519825e-03
 3.28295771e-04 6.68157139e-02 3.14693950e-02 3.34853681e-02
 5.70601816e-02 2.37050657e-02 3.91150284e-03 2.30481553e-04
 2.04148426e-01 2.08875744e-01 9.30646715e-03 1.11450973e-01
 6.80122314e-02 1.92263670e-02 2.70697222e-03 1.49416355e-04
 2.17439558e-02 4.52362628e-02 1.17997353e-02 5.73840597e-02
 4.62465757e-02 1.44524529e-02 2.02561125e-03 1.07064222e-04]"
database\10479.jpg,"[3.18309886e-01 6.34414522e-16 7.91942562e-01 3.74331996e-02
 4.06366525e-03 3.44216630e-03 8.82804416e-01 1.40931127e-01
 7.58014342e-03 1.58290601e-02 1.44062415e-02 1.19822286e-03
 6.07704350e-01 2.49032605e-01 3.85440255e-02 1.85015652e-03
 2.61413517e-02 2.82214316e-02 6.53128582e-03 3.89378215e-04
 1.76140968e-01 2.61939071e-01 9.45284199e-02 1.18804066e-02
 4.88193585e-04 1.82086967e-02 3.38081992e-02 1.69469605e-02
 2.60892580e-03 1.30076328e-04 1.73776611e-01 1.38066235e-01
 1.44395731e-01 3.73224889e-02 3.78421736e-03 1.34283083e-04
 1.16080767e-02 2.66301830e-02 2.70546302e-02 8.39392616e-03
 1.04360666e-03 4.34360868e-05 3.19721627e-01 6.06367404e-02
 1.40002344e-01 7.49576301e-02 1.44570660e-02 1.21700903e-03
 3.81682710e-05 4.17797901e-02 1.51609513e-02 2.77513530e-02
 1.67970439e-02 4.06626029e-03 4.07040859e-04 1.43571092e-05
 2.82973888e-01 2.12163426e-01 6.02325094e-02 1.03514103e-01
 3.57971444e-02 5.45605164e-03 3.95530436e-04 1.11304564e-05
 4.40874944e-02 9.97522888e-03 1.57673934e-02 2.20741188e-02
 1.00558651e-02 1.86800475e-03 1.53904688e-04 4.69662755e-06]"
database\10492.jpg,"[3.18309886e-01 2.09026984e-15 7.45780290e-01 3.20567558e-02
 8.50507259e-03 1.00230480e-02 7.11741206e-01 1.08304163e-01
 7.73505456e-03 2.83798271e-02 3.88816619e-02 3.77508133e-03
 3.09517208e-01 1.55967999e-01 3.45874113e-02 2.66188610e-03
 3.28598543e-02 6.70442368e-02 1.87330916e-02 1.42846540e-03
 1.39764425e-01 1.02224659e-01 6.95907358e-02 1.49638532e-02
 9.72529380e-04 4.05368501e-03 6.33944240e-02 4.23049791e-02
 8.65513595e-03 5.64350488e-04 3.57749102e-01 3.15098472e-02
 7.66498432e-02 3.91551126e-02 6.53463052e-03 3.71112370e-04
 5.75746799e-02 2.59478993e-02 5.42097948e-02 2.43343984e-02
 4.05474676e-03 2.26165204e-04 2.83325860e-01 1.41586367e-01
 3.36501459e-02 6.08568220e-02 2.07200973e-02 2.89656247e-03
 1.45738986e-04 6.60544615e-02 1.41360323e-02 3.53024120e-02
 4.04201692e-02 1.37324464e-02 1.87755560e-03 9.16068697e-05
 4.92604833e-02 1.42720909e-01 3.38629158e-02 5.62802121e-02
 4.01140357e-02 1.07600802e-02 1.29452387e-03 5.85786086e-05
 5.73487342e-03 3.16087667e-02 6.59835781e-03 3.96496314e-02
 2.83520024e-02 7.42106949e-03 8.62286584e-04 3.74128393e-05]"
database\10677.jpg,"[3.18309886e-01 1.18124914e-15 7.87798599e-01 4.09445715e-02
 6.44636927e-03 5.20506658e-03 8.73216156e-01 1.49762255e-01
 1.03016351e-02 2.44287499e-02 2.11968587e-02 1.98936608e-03
 6.07208535e-01 2.53283705e-01 5.05739700e-02 3.00123694e-03
 3.91433318e-02 4.05759777e-02 1.02421627e-02 8.13048304e-04
 2.01937257e-01 2.50229461e-01 1.18623540e-01 1.84055750e-02
 9.26672062e-04 2.74262131e-02 4.95022011e-02 2.47381772e-02
 5.13552413e-03 3.40313082e-04 1.29056446e-01 1.17105173e-01
 1.72199421e-01 5.47382434e-02 6.75056698e-03 3.03664316e-04
 1.29879059e-02 4.61224683e-02 3.63293073e-02 1.54743773e-02
 2.55605232e-03 1.41038798e-04 2.90046019e-01 6.76793975e-02
 1.58926906e-01 1.03438136e-01 2.39823699e-02 2.54417949e-03
 1.05410736e-04 5.10029983e-02 4.10373749e-02 3.40338857e-02
 2.91549606e-02 9.26808899e-03 1.22379045e-03 5.81192803e-05
 2.96134508e-01 1.91916913e-01 6.90531948e-02 1.34264201e-01
 5.47080807e-02 1.04226133e-02 9.92545071e-04 3.87462557e-05
 5.83637033e-02 3.43772528e-02 1.77603070e-02 3.76497664e-02
 2.13855984e-02 5.15909923e-03 5.70552801e-04 2.39298848e-05]"
database\10752.jpg,"[3.18309886e-01 1.80213906e-14 6.35832686e-01 1.03840046e-01
 4.89952139e-03 4.12007204e-03 4.53394145e-01 2.66397279e-01
 4.69030739e-02 1.74860476e-02 1.44480411e-02 2.77146011e-03
 1.33839461e-01 2.54059447e-01 1.35903778e-01 2.67421949e-02
 4.73200483e-03 7.98950911e-03 1.64336701e-02 1.67184886e-03
 5.57815229e-02 7.00754653e-02 1.47285371e-01 8.44338472e-02
 1.74837066e-02 2.86934623e-02 8.28648431e-03 2.25473367e-02
 1.17798264e-02 2.15090037e-03 1.11881853e-01 1.07428085e-01
 4.08302093e-02 1.02490964e-01 5.91767905e-02 1.24229942e-02
 1.34923249e-02 1.32882696e-02 4.22672520e-03 2.49033975e-02
 7.03494441e-03 2.68290895e-03 1.15408763e-01 1.55962963e-01
 9.53082538e-02 4.16264066e-02 7.83611657e-02 4.49702953e-02
 9.26296673e-03 2.01106419e-02 2.41565076e-02 4.50395635e-03
 1.01375034e-02 2.11226124e-02 5.33145237e-03 2.89674161e-03
 9.50677671e-02 9.56835923e-02 1.49012019e-01 5.39771762e-02
 4.05560444e-02 6.50624611e-02 3.57059031e-02 7.11976222e-03
 8.63629023e-03 9.31359305e-03 1.43151310e-02 9.77714434e-03
 1.25729839e-02 1.65404501e-02 6.24373027e-03 2.87504653e-03]"
database\10828.jpg,"[3.18309886e-01 2.57616799e-04 6.14773145e-01 1.17780991e-01
 1.20171435e-02 1.51152861e-02 4.15646383e-01 2.96012228e-01
 5.13403767e-02 3.57895443e-02 3.04683825e-02 1.76434764e-02
 1.20933661e-01 2.84793602e-01 1.50538222e-01 2.31594663e-02
 3.51760820e-02 3.31357456e-02 3.77228065e-02 1.77993142e-02
 1.91887034e-02 6.70838441e-02 1.85545623e-01 7.69113926e-02
 1.04903837e-02 2.55288127e-02 2.52309828e-02 4.47515627e-02
 3.11405560e-02 1.71456546e-02 2.63236766e-02 8.68047644e-02
 6.45329765e-02 1.09159897e-01 4.07612504e-02 8.10119542e-03
 1.45575569e-02 1.33071710e-02 1.26769340e-02 4.57673887e-02
 2.47304858e-02 1.58197565e-02 1.07194195e-01 7.76634951e-02
 9.13874421e-02 5.78431466e-02 5.82587052e-02 2.32956061e-02
 1.03153956e-02 2.57354716e-02 3.71015918e-02 2.62457787e-02
 1.29457322e-02 4.35268805e-02 2.00093595e-02 1.44864459e-02
 1.17622195e-01 4.22967542e-02 1.24472791e-01 4.81652839e-02
 1.93723644e-02 4.08741642e-02 1.16242001e-02 1.23674512e-02
 3.12773539e-02 4.36287140e-02 6.16853678e-02 4.55085494e-02
 3.25366980e-02 3.22693858e-02 1.75087083e-02 1.35768367e-02]"
database\10939.jpg,"[0.31830989 0.01589192 0.53274671 0.04674484 0.03554708 0.02307936
 0.19184691 0.12119127 0.00934928 0.03434552 0.01750151 0.02961764
 0.16281661 0.06794339 0.02497642 0.01637701 0.03787453 0.04459859
 0.05131448 0.02531737 0.13245529 0.04420738 0.06160802 0.09436817
 0.02269839 0.02211072 0.07006806 0.08134666 0.0323704  0.0149647
 0.02969828 0.07335711 0.07206913 0.16070859 0.02247047 0.01910919
 0.02925728 0.03011371 0.0600495  0.04636903 0.02125189 0.01842158
 0.06064818 0.00644703 0.03415729 0.14995603 0.05021741 0.00603485
 0.02370821 0.01949569 0.0314174  0.03623434 0.03531424 0.029953
 0.01053996 0.02036389 0.01005566 0.0438548  0.02680768 0.06825033
 0.04329643 0.00689147 0.01136512 0.0226593  0.02969317 0.01540104
 0.02499581 0.05019675 0.01475013 0.01357989 0.01026857 0.02411608]"
database\11150.jpg,"[3.18309886e-01 7.89122972e-17 6.55729468e-01 9.55186708e-02
 8.77501516e-03 6.12889913e-03 4.91031163e-01 2.62868208e-01
 3.80672865e-02 1.16347703e-02 1.36181659e-02 6.66400502e-03
 1.46925825e-01 2.82680873e-01 1.20676429e-01 1.89944074e-02
 1.37627011e-02 1.24379295e-02 1.66143401e-02 6.46681169e-03
 5.14617488e-02 9.40705281e-02 1.63275300e-01 6.12214716e-02
 1.17470893e-02 3.22847323e-03 1.53484399e-02 2.70827767e-02
 1.34180474e-02 6.38349449e-03 9.17447143e-02 1.18719896e-01
 8.28730823e-02 9.32272872e-02 3.55783557e-02 8.54678835e-03
 1.35618531e-02 1.55018243e-02 1.98439545e-02 2.62657415e-02
 1.16838644e-02 6.18837067e-03 1.19682104e-01 1.64181234e-01
 7.97925377e-02 6.47853614e-02 5.58707753e-02 2.37533369e-02
 6.90162039e-03 2.11022511e-02 4.33578721e-03 1.28996876e-02
 2.16102363e-02 2.20072612e-02 1.16934665e-02 5.85346097e-03
 1.24632003e-01 9.74609191e-02 1.52698488e-01 4.56366033e-02
 5.18924429e-02 3.52383551e-02 1.79566813e-02 5.91698185e-03
 1.09812317e-02 9.59356126e-03 4.12519321e-03 5.87772362e-03
 2.51206422e-02 1.70460027e-02 1.22647612e-02 5.42965460e-03]"
database\11187.jpg,"[3.18309886e-01 5.98258137e-16 7.30440039e-01 8.35873376e-02
 1.12225068e-02 4.25893115e-03 6.95127931e-01 2.88687422e-01
 2.40868739e-02 4.67745840e-02 1.46355633e-02 3.41831798e-03
 3.98257135e-01 4.49208968e-01 1.09381483e-01 7.40707883e-03
 8.73770495e-02 2.37515517e-02 1.76360576e-02 1.83049700e-03
 1.61246196e-01 4.08134328e-01 2.28351802e-01 4.17354636e-02
 2.33731531e-03 8.98488938e-02 5.72417016e-02 4.40397604e-02
 1.07568770e-02 1.01624276e-03 9.37924441e-02 2.16990140e-01
 2.79093668e-01 1.09979863e-01 1.56605149e-02 7.63810811e-04
 7.72601760e-02 1.26352430e-01 7.23964055e-02 2.88681716e-02
 7.32279183e-03 4.59714164e-04 8.11892586e-02 5.15154440e-02
 1.96148273e-01 1.74640214e-01 4.95891749e-02 5.89315180e-03
 2.72628970e-04 1.34049325e-01 1.79726620e-01 9.01235992e-02
 4.47327911e-02 2.50160836e-02 3.84643997e-03 1.87642161e-04
 2.67132414e-02 3.69778398e-02 4.31594394e-02 1.74040099e-01
 9.64369956e-02 2.16160667e-02 2.36827303e-03 1.12065136e-04
 1.50283462e-01 1.79475625e-01 9.12448733e-02 4.47878461e-02
 5.26335848e-02 1.54910302e-02 1.75570010e-03 7.47444745e-05]"
database\11190.jpg,"[3.18309886e-01 7.72790409e-16 6.25392550e-01 7.39391454e-02
 2.17487100e-03 5.53161275e-03 3.77629201e-01 1.85863274e-01
 2.70450210e-02 1.15356445e-02 2.10489840e-02 6.09462333e-03
 3.42770345e-02 1.44729980e-01 8.07715411e-02 1.19034550e-02
 1.01873621e-02 2.42973083e-02 2.13101149e-02 5.78321963e-03
 2.14412922e-01 4.52266287e-02 8.47926703e-02 3.69169775e-02
 6.88203348e-03 2.48041888e-02 9.64413315e-03 3.47022626e-02
 1.68196416e-02 5.42227283e-03 1.37969446e-01 1.74105345e-01
 5.88213844e-03 3.87217118e-02 2.24129946e-02 4.68768326e-03
 2.67062446e-02 1.53658131e-02 1.62133719e-02 2.47911782e-02
 1.70243433e-02 4.64668347e-03 5.70900662e-03 1.07520710e-01
 8.25379288e-02 7.81131076e-03 2.81072227e-02 1.57031654e-02
 3.53658092e-03 2.59198566e-02 1.06501954e-02 2.09866772e-02
 1.80223722e-02 2.08349376e-02 1.65509979e-02 3.80202362e-03
 5.81029734e-02 5.70792463e-02 7.38505455e-02 6.79155648e-02
 1.03068060e-02 2.15965999e-02 1.22774733e-02 2.82545461e-03
 3.69582271e-02 7.35936636e-03 1.69146080e-02 1.77023812e-02
 1.29964466e-02 2.16892116e-02 1.51955869e-02 3.03801939e-03]"
database\11248.jpg,"[3.18309886e-01 1.65157600e-04 4.92716904e-01 1.28010027e-01
 3.50405322e-02 3.16085061e-02 1.75110821e-01 2.03964551e-01
 6.74995492e-02 2.97318383e-02 4.28315388e-02 3.02949816e-02
 7.95453436e-02 6.28169935e-02 8.56665875e-02 4.77338026e-02
 4.17379305e-02 2.88660649e-02 4.07307212e-02 2.73467723e-02
 9.51440757e-02 1.13463568e-01 5.47969597e-03 4.81967527e-02
 3.90363154e-02 3.70631252e-02 3.88653211e-02 8.46428706e-03
 3.32195849e-02 2.62913747e-02 3.65349197e-02 1.15002648e-01
 8.42093082e-02 1.95671719e-02 3.66443696e-02 3.31688002e-02
 4.08708496e-02 1.63450118e-02 1.71775087e-02 4.48091590e-03
 2.86666195e-02 2.66266710e-02 2.41142013e-02 1.84806482e-02
 6.42414303e-02 6.29116997e-02 1.47229808e-02 3.11402525e-02
 2.80756781e-02 9.00123949e-03 4.96840254e-02 2.14452488e-02
 3.33033710e-02 7.54156833e-03 2.76610369e-02 2.73867167e-02
 2.17104701e-02 5.64574494e-02 4.64941131e-02 4.31363431e-02
 3.90040197e-02 1.03441759e-02 2.63870128e-02 2.32966644e-02
 2.75709557e-02 4.54211005e-02 4.17480220e-02 2.61715451e-02
 3.22848278e-02 5.96098318e-03 2.86023415e-02 2.80256138e-02]"
database\11250.jpg,"[0.31830989 0.003974   0.76093487 0.03172    0.0156487  0.01098738
 0.82589731 0.06892811 0.02218873 0.02332419 0.08048574 0.00574407
 0.55034523 0.07992498 0.05103597 0.01738533 0.06834691 0.15960199
 0.02119852 0.00955115 0.13398476 0.04173524 0.08663411 0.03482172
 0.01505626 0.05576211 0.19652329 0.05248472 0.00838408 0.01147448
 0.22239883 0.01374567 0.09429898 0.06868538 0.02328263 0.01420934
 0.01500562 0.17005659 0.06150091 0.03665161 0.0019562  0.01246516
 0.38444984 0.03178486 0.06963973 0.09700459 0.04421735 0.01824744
 0.01385865 0.08247936 0.0908029  0.03760239 0.06123843 0.02076667
 0.00544763 0.01299916 0.31577941 0.02985376 0.03714199 0.10006362
 0.06542736 0.03301502 0.01543995 0.01373239 0.09882904 0.02095163
 0.00739975 0.06480185 0.04499768 0.00973779 0.00811592 0.01330818]"
database\11269.jpg,"[3.18309886e-01 1.62605019e-15 7.22789056e-01 1.26177108e-02
 2.59189566e-02 1.56207177e-02 6.81361809e-01 4.69811731e-03
 1.70882460e-02 2.68334179e-02 5.06262375e-02 1.62529624e-02
 2.83664825e-01 2.16606989e-02 4.57693473e-02 1.31184147e-02
 1.03250256e-02 1.05540822e-01 2.19469947e-02 1.56466710e-02
 1.66251362e-01 3.44188637e-02 9.42685410e-02 1.57499329e-02
 1.39053849e-02 2.79412744e-02 1.14046123e-01 2.35123873e-02
 2.31550003e-02 1.43471951e-02 3.61024984e-01 3.04674258e-02
 1.24440424e-01 4.45939215e-02 1.36763825e-02 1.38718946e-02
 2.96310178e-02 5.19915997e-02 3.70186149e-02 2.57386701e-02
 2.00124451e-02 1.36253131e-02 2.65524401e-01 1.97119556e-02
 1.04349897e-01 7.10208117e-02 1.29856281e-02 1.71000373e-02
 1.34683776e-02 1.33543750e-02 5.37699997e-02 4.38895593e-02
 4.42896049e-02 2.36005254e-02 1.85240775e-02 1.30939214e-02
 9.27918457e-03 5.39233173e-02 2.92002891e-02 9.23131416e-02
 1.97037459e-02 8.07916921e-03 1.91941426e-02 1.28870968e-02
 2.07712635e-02 1.13918872e-01 4.86388505e-02 4.32573019e-02
 3.39430208e-02 1.91516584e-02 1.88187443e-02 1.25588439e-02]"
database\11270.jpg,"[0.31830989 0.00157719 0.50399249 0.05649722 0.0104906  0.02437216
 0.1109886  0.1197212  0.02643665 0.04279861 0.08186591 0.03470219
 0.16905718 0.06588384 0.07183212 0.01523453 0.0465477  0.12268299
 0.13026023 0.02574183 0.08412089 0.10555809 0.08390155 0.05742844
 0.00277126 0.02568377 0.08065007 0.18121179 0.08693932 0.00955006
 0.02106811 0.07202933 0.05091036 0.10310789 0.02234771 0.01104351
 0.03088896 0.00978286 0.12584658 0.12859077 0.04458979 0.00402705
 0.00172261 0.01478902 0.03826418 0.08731363 0.03545593 0.02873604
 0.00143782 0.03188506 0.01999844 0.04801102 0.09135368 0.08134846
 0.00396583 0.00785288 0.00676439 0.01758489 0.05620055 0.02641535
 0.04114547 0.03657835 0.01974482 0.0055835  0.0275468  0.04232927
 0.03137032 0.06873496 0.06156573 0.01386764 0.01919538 0.00434758]"
database\11361.jpg,"[0.31830989 0.00225172 0.68304074 0.02446242 0.02727597 0.01034592
 0.54297923 0.10337026 0.02383988 0.03372571 0.07149003 0.01365986
 0.10468313 0.13535277 0.06767928 0.01184064 0.0122187  0.12430849
 0.0215342  0.00866006 0.21904452 0.05685271 0.12745985 0.01417487
 0.01134434 0.02589718 0.10092929 0.03230352 0.00639085 0.01138727
 0.23572122 0.07554955 0.1361259  0.02518608 0.00995482 0.01181548
 0.04923899 0.0029339  0.0241907  0.03511522 0.00936125 0.01138075
 0.07683811 0.13431949 0.0522564  0.04297943 0.01132233 0.01265108
 0.01156677 0.03490278 0.0881522  0.01561562 0.06266056 0.00708949
 0.00853446 0.01158111 0.04611039 0.06610258 0.07167085 0.05759304
 0.01528989 0.02041125 0.00982629 0.01170775 0.01008671 0.08510426
 0.05681328 0.05676082 0.00144402 0.00379964 0.00949287 0.01170556]"
database\11606.jpg,"[3.18309886e-01 1.32653637e-15 6.47723144e-01 1.33887476e-01
 3.29071557e-02 1.54433874e-02 5.24473950e-01 3.73297815e-01
 6.48249435e-02 8.04896127e-02 2.63020843e-02 1.52748991e-02
 3.46813643e-01 4.28112545e-01 2.25046494e-01 3.30154163e-02
 6.84379326e-02 2.85774986e-03 4.20015972e-02 1.23312156e-02
 3.03723138e-01 2.85756579e-01 3.31623254e-01 1.34388954e-01
 1.73345895e-02 2.57512764e-02 3.17947884e-02 3.72811461e-02
 4.30509648e-02 9.17392257e-03 2.38102286e-01 1.72179634e-01
 2.63035008e-01 2.41821731e-01 7.80489507e-02 9.51370204e-03
 1.42108806e-02 4.34184414e-02 6.88283122e-03 5.99088387e-02
 3.74025383e-02 6.55442124e-03 9.69719983e-02 1.35884182e-01
 1.20388530e-01 2.39866259e-01 1.62732039e-01 4.44834319e-02
 5.60666146e-03 1.73169463e-02 6.09369077e-02 3.81351044e-02
 2.81001529e-02 6.82755399e-02 2.91480453e-02 4.65799984e-03
 2.44237938e-03 6.78491231e-02 5.29966109e-02 1.27025313e-01
 1.94198492e-01 1.02370805e-01 2.53187686e-02 3.64045801e-03
 5.19196134e-02 5.40518699e-02 6.43811514e-02 2.83068150e-02
 6.18344259e-02 6.31133363e-02 2.12577887e-02 3.39005347e-03]"
database\11628.jpg,"[3.18309886e-01 1.46290494e-03 3.38344554e-01 1.18972810e-02
 6.76039316e-02 3.00791626e-02 2.68643035e-02 3.87198360e-02
 6.56025556e-02 3.41923852e-02 4.34750030e-02 1.02481941e-01
 2.91849304e-02 2.37837178e-02 6.32098040e-02 3.06195355e-02
 5.52863283e-02 3.28984233e-02 2.27313830e-01 4.39266237e-02
 3.97383908e-02 1.63281812e-02 2.64425645e-02 4.57978096e-02
 5.67117292e-02 8.10711362e-03 3.89821520e-03 1.68912333e-01
 3.34690927e-02 4.56600120e-02 3.29293187e-04 2.99257844e-02
 3.14457725e-02 1.81838613e-02 7.15196813e-02 8.50769207e-03
 1.83872077e-02 1.71621341e-02 2.98059344e-02 2.48525959e-02
 7.15472004e-02 2.30204522e-02 2.60756465e-02 3.64910847e-03
 9.12049220e-03 7.61217433e-02 2.72807235e-02 2.68885233e-02
 1.25558872e-02 1.64426629e-02 8.61043405e-03 9.30665293e-03
 2.64680543e-02 2.13947893e-02 1.85514464e-02 1.52082558e-02
 5.12304062e-03 2.49937946e-02 4.26557647e-02 8.13666153e-02
 4.72247764e-02 1.66017286e-02 1.07524564e-02 2.22610357e-02
 5.29313674e-03 2.42532803e-02 1.09917273e-02 3.79449907e-02
 1.37550804e-02 1.38839435e-02 1.55702237e-02 2.85676598e-02]"
database\11721.jpg,"[0.31830989 0.00084886 0.42214854 0.06901256 0.01905393 0.02111507
 0.01707861 0.10196004 0.01407894 0.03671139 0.06689986 0.02441984
 0.16588382 0.03775151 0.03240061 0.04080471 0.01522493 0.07400832
 0.08464351 0.00223563 0.01643558 0.08798296 0.04418089 0.11025275
 0.02708072 0.02031291 0.02322899 0.11443228 0.01041112 0.00482085
 0.02328731 0.00331634 0.02277387 0.09309562 0.08471682 0.01620885
 0.03241809 0.01937492 0.07525588 0.02613946 0.01470135 0.00910215
 0.00404638 0.0133422  0.01344882 0.02445847 0.08203979 0.04829651
 0.00198738 0.01917655 0.00801116 0.00418111 0.03555662 0.03573006
 0.02226207 0.00280455 0.01471826 0.03580029 0.02086022 0.06971192
 0.02129032 0.046405   0.01021806 0.00847752 0.00686451 0.03010211
 0.04061713 0.03067825 0.02627473 0.02969776 0.00943963 0.00341918]"
database\13567.jpg,"[3.18309886e-01 2.41371248e-04 6.36204273e-01 9.82335476e-02
 8.27755996e-03 4.39669176e-03 4.39196589e-01 2.60371407e-01
 4.08231477e-02 9.99627865e-03 5.44364171e-03 5.69429429e-03
 9.53911932e-02 2.60528358e-01 1.24662124e-01 2.12776824e-02
 1.44937994e-02 2.10598433e-02 8.60413202e-03 6.47701634e-03
 5.77998929e-02 6.70513330e-02 1.57530027e-01 6.87990881e-02
 1.31603588e-02 1.28003457e-02 3.21410066e-02 1.30346351e-02
 8.16984534e-03 6.80375790e-03 7.27184094e-02 1.01171421e-01
 5.35098957e-02 1.05957271e-01 4.21756210e-02 9.23883970e-03
 9.71204894e-03 2.94797731e-02 1.52815031e-02 1.45458643e-02
 8.33482630e-03 7.21883263e-03 6.16565709e-02 1.15210613e-01
 8.16336382e-02 4.12068316e-02 8.46941800e-02 2.44284337e-02
 7.76168332e-03 5.33954036e-03 2.02043391e-02 3.35277438e-02
 2.04544790e-02 1.48095268e-02 8.12468564e-03 7.48291277e-03
 3.23831622e-02 6.55922013e-02 8.93779611e-02 8.91057289e-02
 7.34005716e-02 5.81706652e-02 1.37050011e-02 7.39841687e-03
 1.42254721e-02 2.06737892e-02 6.04345378e-02 3.26797616e-02
 7.18120472e-03 1.89247543e-02 6.86078402e-03 7.67157417e-03]"
database\1402.jpg,"[0.31830989 0.00238245 0.6337626  0.11392267 0.02260128 0.0136279
 0.4802949  0.2837946  0.05796391 0.08421544 0.03252176 0.01274661
 0.20009309 0.29214088 0.15875116 0.03564633 0.04094654 0.02772246
 0.05248999 0.01034226 0.05545717 0.11919695 0.20606611 0.09813873
 0.02487743 0.06237839 0.08070396 0.04976116 0.04178539 0.01055706
 0.00071138 0.04203714 0.12261139 0.14959655 0.06340401 0.0195004
 0.08164806 0.05601344 0.01726015 0.05975975 0.02872929 0.01191012
 0.03039576 0.08294321 0.05246691 0.12329849 0.10068317 0.04444838
 0.01670577 0.02218683 0.00555851 0.04602555 0.05644741 0.0427073
 0.020937   0.01322608 0.06414792 0.02604149 0.11400683 0.05730516
 0.09024203 0.0674877  0.03499708 0.0151005  0.03663991 0.04649359
 0.07720843 0.0654725  0.03401837 0.03632182 0.01553697 0.01423806]"
query\10722.jpg,"[3.18309886e-01 7.50018736e-16 8.84575251e-01 2.24851288e-02
 3.19044261e-03 1.82865948e-03 1.26240489e+00 9.99079121e-02
 2.42654091e-03 1.58611878e-02 9.05364419e-03 4.22627214e-04
 1.39223602e+00 2.33646048e-01 1.47453888e-02 3.17217542e-04
 4.01627826e-02 2.28776359e-02 2.80780340e-03 8.30822447e-05
 1.28542225e+00 3.91337851e-01 4.69828391e-02 2.43515754e-03
 4.69677614e-05 6.88171385e-02 3.95047972e-02 9.62574832e-03
 6.88713095e-04 1.56283679e-05 1.01025446e+00 5.20981269e-01
 1.05059000e-01 9.73858930e-03 4.34305470e-04 7.62582209e-06
 8.66370868e-02 5.17332672e-02 2.26763942e-02 2.94598903e-03
 1.54911705e-04 2.90922154e-06 6.60509979e-01 5.74065756e-01
 1.84106755e-01 2.70436867e-02 2.07963147e-03 8.23745956e-05
 1.32369440e-06 7.91024276e-02 5.42951004e-02 4.09274523e-02
 8.64953608e-03 7.90668334e-04 3.35010969e-05 5.43770093e-07
 3.21746750e-01 5.26082128e-01 2.66473379e-01 5.83764695e-02
 6.86472324e-03 4.58545336e-04 1.63541813e-05 2.40603373e-07
 4.48172907e-02 4.89116576e-02 5.95933286e-02 1.94930824e-02
 2.76382126e-03 1.98141253e-04 7.12487767e-06 1.02741392e-07]"
query\10729.jpg,"[3.18309886e-01 2.83315169e-14 7.55726180e-01 5.96532369e-02
 1.65687158e-02 9.81638685e-03 7.74029860e-01 2.03373637e-01
 1.76703380e-02 5.03258219e-02 2.96037309e-02 6.26271580e-03
 4.79628131e-01 3.12994537e-01 7.53293046e-02 6.93616480e-03
 5.15021286e-02 3.36656587e-02 2.54390138e-02 3.50004438e-03
 1.25382408e-01 2.76823870e-01 1.47254724e-01 3.48427548e-02
 3.18675048e-03 1.07519051e-02 1.77588236e-02 4.38641079e-02
 1.72943296e-02 1.92523617e-03 1.14271371e-01 1.08555458e-01
 1.69755791e-01 8.11483634e-02 1.82599696e-02 1.60235390e-03
 6.52998092e-02 1.56231812e-02 4.02258167e-02 3.77562191e-02
 1.10435251e-02 1.07307078e-03 2.02366613e-01 8.81678542e-02
 1.08351227e-01 1.14717461e-01 4.88426935e-02 1.02443143e-02
 8.55347002e-04 6.52150174e-02 4.28538554e-02 2.06810205e-02
 4.66917602e-02 2.85234384e-02 6.96202648e-03 6.08927522e-04
 1.86747717e-01 2.05014278e-01 1.23016726e-02 1.02642913e-01
 8.08716431e-02 3.06160640e-02 6.02043125e-03 4.75977783e-04
 1.92271047e-02 6.22987945e-02 1.18442643e-02 3.43714101e-02
 4.29486449e-02 2.05822414e-02 4.39157086e-03 3.51503657e-04]"
query\11297.jpg,"[3.18309886e-01 8.67690848e-15 5.84652428e-01 9.23559601e-02
 7.61213863e-03 9.95208834e-03 3.07006922e-01 1.98065836e-01
 4.38845206e-02 2.32255197e-02 3.18464278e-02 7.14282029e-03
 5.29278512e-02 1.10334662e-01 1.03626367e-01 2.63283744e-02
 4.42137218e-03 2.37974731e-02 2.47575653e-02 7.31028823e-03
 1.82232189e-01 7.82221441e-02 6.74791995e-02 6.71772198e-02
 1.77583042e-02 4.47926378e-02 6.98649451e-04 2.28508035e-02
 1.87966733e-02 8.18327542e-03 1.13157397e-01 1.53539548e-01
 4.27986319e-02 5.15498350e-02 4.87874375e-02 1.26962022e-02
 4.64444916e-03 1.33265838e-02 1.23250374e-02 2.07743890e-02
 1.76273757e-02 8.54460420e-03 3.91601904e-03 6.16671159e-02
 9.95070363e-02 2.22164011e-02 4.53110295e-02 3.68295528e-02
 9.46384627e-03 3.76259816e-02 1.98890141e-03 1.55905900e-02
 1.03000202e-02 1.74346691e-02 1.91650654e-02 8.39393276e-03
 6.45525088e-02 6.32264758e-02 3.86244400e-02 7.19674532e-02
 5.70461544e-03 4.03297304e-02 2.81359319e-02 7.36337889e-03
 1.21975372e-02 4.16388039e-02 2.63139385e-03 2.32834187e-02
 6.54250422e-03 1.57495452e-02 2.09300753e-02 7.89457478e-03]"
query\11623.jpg,"[3.18309886e-01 3.20418748e-15 6.73996212e-01 4.70247565e-02
 1.12376003e-02 4.68112980e-03 5.06620892e-01 1.20816694e-01
 1.93360035e-02 5.30129926e-03 2.47289799e-02 8.91774462e-03
 5.62477584e-02 1.18086464e-01 5.26761401e-02 1.19620638e-02
 2.90094089e-02 5.61347334e-02 1.34457208e-02 8.94825831e-03
 2.81651041e-01 1.66989714e-02 6.34138798e-02 3.23514452e-02
 8.92197116e-03 1.45677021e-02 3.48489136e-02 1.40259866e-02
 1.90346252e-02 7.93032383e-03 2.73795199e-01 1.11927449e-01
 3.63771571e-02 4.18839287e-02 2.41197889e-02 7.22432072e-03
 3.32649820e-02 1.57180213e-02 9.82518613e-03 1.01014221e-02
 2.06422260e-02 6.73600370e-03 3.82587739e-02 1.33869994e-01
 2.68421240e-02 3.61069932e-02 3.07878367e-02 2.03878337e-02
 6.03185245e-03 3.59231441e-02 3.65303927e-02 2.04332589e-02
 7.08822821e-03 1.66623285e-02 2.00177468e-02 5.64673677e-03
 1.50753887e-01 1.74375035e-02 7.22917546e-02 6.50242359e-03
 3.40616132e-02 2.40966411e-02 1.84373534e-02 5.07645251e-03
 1.03166378e-02 2.31897672e-02 3.66294270e-02 7.43625237e-03
 8.06602631e-03 2.05248642e-02 1.85773997e-02 4.71729157e-03]"
query\1202.jpg,"[0.31830989 0.00362699 0.75728865 0.01855495 0.01692835 0.01036376
 0.78522899 0.03777317 0.0160894  0.00903171 0.06217029 0.00647683
 0.44595218 0.04211372 0.04853932 0.01023577 0.03872856 0.12755733
 0.00832019 0.00830102 0.00643654 0.02796997 0.10303175 0.02232728
 0.0089106  0.03806817 0.1535119  0.02328751 0.00742044 0.00887763
 0.31469524 0.04233497 0.14408184 0.0525746  0.01174382 0.00880092
 0.01005533 0.11026162 0.02443919 0.02351195 0.00689662 0.00908484
 0.36611642 0.03487252 0.1355017  0.08821148 0.02666792 0.00819532
 0.00894065 0.05815883 0.01996114 0.01085155 0.04650477 0.01057865
 0.00788223 0.00915866 0.20315568 0.02499419 0.07818732 0.10340731
 0.04920089 0.01638681 0.00730649 0.00907606 0.05971311 0.07328716
 0.03873554 0.05663188 0.02510875 0.00770077 0.00826812 0.00920058]"
query\12034.jpg,"[0.31830989 0.00188926 0.38480058 0.04722899 0.02606138 0.01740087
 0.04848813 0.05190718 0.03922281 0.02941238 0.05918293 0.0180192
 0.10631059 0.05081941 0.07322905 0.02669666 0.00472444 0.05031387
 0.05452472 0.04220153 0.05152283 0.0516868  0.0331064  0.06402285
 0.00280618 0.02318639 0.00827642 0.08239617 0.13434048 0.02313858
 0.02167525 0.0239957  0.033991   0.04508386 0.02386847 0.01466117
 0.00924774 0.01683806 0.02972431 0.14570921 0.05359932 0.01368335
 0.01698013 0.02585092 0.00946422 0.00450053 0.05171225 0.04002488
 0.00550134 0.02677893 0.03542179 0.02651467 0.05927342 0.04020899
 0.04273619 0.01165516 0.01927441 0.02033131 0.01982739 0.02241164
 0.04795841 0.04473822 0.00661819 0.00606562 0.00844693 0.01290049
 0.00954425 0.02588435 0.00828835 0.03909386 0.02823491 0.00412658]"
query\12181.jpg,"[0.31830989 0.00600055 0.73520404 0.0036233  0.02896894 0.01002868
 0.69770339 0.03672186 0.01369584 0.02918941 0.06474157 0.00721016
 0.29134059 0.07206092 0.03660426 0.00895227 0.00527242 0.13209919
 0.00531194 0.00721666 0.15586194 0.07629407 0.07504606 0.01497147
 0.00814099 0.02354087 0.15232059 0.00825117 0.0052225  0.00796396
 0.35656383 0.02513978 0.09626381 0.03320554 0.00837195 0.00813307
 0.03186524 0.08453007 0.0099307  0.01787842 0.00621086 0.00816694
 0.25704046 0.05866884 0.06880254 0.05471729 0.0151482  0.0071257
 0.00820823 0.02044939 0.04007047 0.00617213 0.03831482 0.00882865
 0.00667233 0.00828892 0.01603369 0.10683683 0.00235391 0.06173262
 0.02722551 0.01043915 0.0066849  0.00830893 0.00752531 0.13305082
 0.00724546 0.05082568 0.01909304 0.00710034 0.00695299 0.00837421]"
query\14147.jpg,"[3.18309886e-01 8.59126743e-15 4.78563989e-01 6.32429318e-02
 3.37041982e-02 2.48833639e-02 5.40133694e-02 1.23462842e-01
 7.18089215e-03 7.84221537e-02 4.35249123e-02 2.40360598e-02
 1.97041025e-01 4.57302147e-02 1.51883314e-02 3.49507945e-02
 5.32937539e-02 6.65906603e-02 8.61488856e-02 6.19582818e-03
 7.36740265e-02 1.03166651e-01 1.87969095e-02 1.18785725e-01
 1.39577753e-02 4.11454453e-02 7.45107170e-02 1.18703986e-01
 1.68995772e-02 4.61034713e-03 3.84635666e-02 4.17911990e-02
 5.13999631e-02 1.50189980e-01 5.55454528e-02 2.72500410e-03
 4.71361035e-02 2.25790611e-02 7.89116932e-02 3.96876740e-02
 1.60518213e-02 2.67557092e-03 2.64926618e-02 3.19692271e-02
 5.80891825e-02 6.90495411e-02 7.40385257e-02 4.86510310e-03
 4.00029411e-03 5.20560036e-02 2.36936993e-02 3.28751797e-02
 6.11569650e-02 3.78343384e-02 6.42810011e-03 3.70349638e-03
 2.19847112e-02 1.53300679e-02 3.94489040e-02 2.59959675e-02
 1.82938175e-02 8.02604306e-03 1.72754271e-02 2.45834754e-03
 3.02028075e-02 4.11181793e-02 2.73208164e-02 4.28442713e-02
 6.59188678e-02 1.48911269e-02 1.55396752e-02 1.68348755e-03]"
query\14426.jpg,"[3.18309886e-01 5.97472674e-16 7.10640373e-01 9.36304948e-02
 1.05533471e-02 6.77418984e-03 6.49760325e-01 3.02168021e-01
 3.26252376e-02 3.75001750e-02 2.16604999e-02 5.17515158e-03
 3.74181986e-01 4.24514953e-01 1.34369607e-01 1.25114624e-02
 4.85225588e-02 2.43737474e-02 2.33898252e-02 3.09165471e-03
 1.83589575e-01 3.30786893e-01 2.47794420e-01 6.12877872e-02
 5.15913512e-03 1.47307092e-02 2.19067773e-02 4.62277568e-02
 1.59593141e-02 1.98042330e-03 1.18866187e-01 1.24080463e-01
 2.59690524e-01 1.36531082e-01 2.86741929e-02 2.29490527e-03
 4.19088312e-02 2.88039227e-02 5.01070203e-02 3.75827836e-02
 1.11104971e-02 1.29457501e-03 6.02647299e-02 3.30202180e-02
 1.41982337e-01 1.77955045e-01 7.28001426e-02 1.40842986e-02
 1.11002083e-03 3.90053282e-02 1.24798612e-02 3.71147646e-02
 5.00708356e-02 2.88290784e-02 7.92360477e-03 8.32453998e-04
 4.51431892e-02 7.18028563e-02 1.86474326e-02 1.37368786e-01
 1.07943990e-01 4.01006648e-02 7.27466633e-03 6.00433770e-04
 3.44999960e-02 5.34997255e-02 3.45012189e-02 3.77856479e-02
 4.35068963e-02 2.26398729e-02 5.51958688e-03 5.29025955e-04]"
query\14729.jpg,"[3.18309886e-01 3.29096476e-15 6.34176181e-01 1.20470506e-01
 1.39604038e-02 8.80530324e-03 4.72899284e-01 3.15015719e-01
 5.74882974e-02 3.95976080e-02 2.73167745e-02 6.57831430e-03
 2.10826461e-01 3.29548710e-01 1.71991457e-01 3.28108571e-02
 2.76341570e-02 4.23005862e-02 3.00327940e-02 3.16279292e-03
 8.18875567e-02 1.56399477e-01 2.15896081e-01 1.04602807e-01
 2.13082658e-02 3.06629779e-02 4.07209189e-02 4.06811092e-02
 2.49433721e-02 7.23797698e-04 2.20747394e-02 1.86555386e-02
 1.17924455e-01 1.50455777e-01 6.80951045e-02 1.54377578e-02
 8.25598601e-03 2.23461144e-02 4.41681109e-02 3.45496022e-02
 1.93239065e-02 1.54403990e-03 5.67937746e-02 6.29678277e-02
 4.43073669e-02 1.09440321e-01 1.02756623e-01 4.84464231e-02
 1.20812161e-02 3.52916636e-02 2.46413589e-02 4.22699179e-02
 1.80764790e-02 3.49569908e-02 1.38324208e-02 2.79550926e-03
 1.00768917e-01 6.62118171e-02 1.17952365e-01 1.73873767e-02
 8.30013893e-02 7.41877128e-02 3.71930370e-02 9.94726894e-03
 4.87159321e-02 8.10955142e-04 5.83754468e-02 1.11037811e-02
 8.65236414e-03 3.55804031e-02 8.61554464e-03 3.61008392e-03]"
